0
据 新华社 乌鲁木齐 记者 张先国 段芝璞 新疆地质矿产局 高级 工程师 孙晓明 近 向 记者 透露 说 卧槽 卧槽 卧槽 卧槽 卧槽 卧槽 卧槽 卧槽 卧槽 卧槽 卧槽 卧槽 卧槽 卧槽 卧槽 卧槽 卧槽 卧槽 卧槽 卧槽 卧槽 卧槽 卧槽 卧槽 卧槽 卧槽 卧槽 卧槽 卧槽 卧槽 卧槽 卧槽 卧槽 卧槽 卧槽 
39 40 1500 47 1501 1502 1503 420 421 1504 443 811 47 1505 50 28 28 28 28 28 28 28 28 28 28 28 28 28 28 28 28 28 28 28 28 28 28 28 28 28 28 28 28 28 28 28 28 28 28 28 
44 45 46 47 48 49 50 51 52 53 54 55 56 57 58 59 60 61 62 63 64 65 66 67 68 69 70 71 72 73 74 75 76 77 78 79 80 81 82 83 84 85 86 87 88 89 90 91 92 93 
48 49 50 51 52 53 54 55 56 57 58 59 60 61 62 63 64 65 66 67 68 69 70 71 72 73 74 75 76 77 78 79 80 81 82 83 84 85 86 87 88 89 90 91 92 93 94 95 96 97 
1
128
本报 济南 记者 王霞光 陈昭 报道 山东鲁能泰山足球俱乐部股份有限公司 成立 大会 暨 山东鲁能泰山足球俱乐部 揭 牌 仪式 今天 在 济南 举行 国家体委 副 主任 袁伟民 对 山东 足球 改革 迈出 的 这 一 步 给予 充 肯定 山东鲁能足球俱乐部股份有限公司 是 去 原 济南泰山足球俱乐部 由 省 体委 移交 给 山东电力集团公司 管理 后 山东省电力局 局长 山东电力集团公司 
5 1594 47 1595 1596 69 1597 601 208 1598 1599 1600 1601 167 45 20 1594 233 484 42 71 1602 479 1603 1604 2 1605 25 162 163 1606 1607 1026 1608 1609 269 296 418 1610 169 1432 1556 1611 429 1612 311 434 1613 134 1612 
46 47 48 49 50 51 52 53 54 55 56 57 58 59 60 61 62 63 64 65 66 67 68 69 70 71 72 73 74 75 76 77 78 79 80 81 82 83 84 85 86 87 88 89 90 91 92 93 94 95 
43 44 45 46 47 48 49 50 51 52 53 54 55 56 57 58 59 60 61 62 63 64 65 66 67 68 69 70 71 72 73 74 75 76 77 78 79 80 81 82 83 84 85 86 87 88 89 90 91 92 
0
